%% benchmark_globals

% dream values
NS_VALUES = [1, 2, 3, 4];
% NSIM_VALUES = [30, 50, 60, 65, 70, 80, 90, 100, 120, 125, 150, 175, 200, 225, 250, 300, 333, 350, 450, 475, 520, 600, 666, 900, 1200];
% NSIM_VALUES = [30 50  65 91	94	101	156	166	179	183	195	199	236	275	292	301	305	306	309	316	343	373	405	420	422	457	531	541	563	568	607	634	637	646	657	660	681	683	702	722	739	785	827	839	898	902	904	909	935	953	977	991	997	1009	1069	1096	1101	1115	1121	1151	1195];
NSIM_VALUES = [50 94 156 195 292 306 343 420 531 637 722 904 997 1101 1195];

NFE_VALUES = [2];
IRK_SCHEMES = [IRKSchemes.GAUSS_LEGENDRE, IRKSchemes.RADAU_IIA, IRKSchemes.LOBATTO_IIIC];

% % test values
NSIM_VALUES = [94];
NS_VALUES = [1];
IRK_SCHEMES = [IRKSchemes.GAUSS_LEGENDRE];

T_sim = 1;
g = 9.81;
R = 0.2;
k = 1e4;
l = 1;
m = 1;
e = 0.8;

x0 = [1;2;0;0];

% x0 = [.3; 1.3; 0; 0];
